Rank Hole Wins% Ties%
001 AAo 84.97 00.57
002 KKo 82.10 00.58
003 QQo 79.63 00.61
004 JJo 77.16 00.65
005 TTo 74.66 00.72
006 99o 71.69 00.80
007 88o 68.72 00.91
008 77o 65.72 01.04
009 KAs 65.28 02.66
010 QAs 64.41 02.78
011 JAs 63.55 02.95
012 KAo 63.49 02.75
013 TAs 62.66 03.18
014 66o 62.58 01.18
015 QAo 62.57 02.87
016 JAo 61.63 03.06
017 QKs 61.58 02.97
018 TAo 60.70 03.29
019 JKs 60.69 03.14
020 9As 60.68 03.49
021 TKs 59.82 03.34
022 8As 59.72 03.79
023 55o 59.65 01.38
024 QKo 59.58 03.07
025 JKo 58.64 03.25
026 7As 58.61 04.11
027 9Ao 58.60 03.61
028 JQs 58.43 03.31
029 9Ks 57.89 03.64
030 TKo 57.72 03.47
031 TQs 57.56 03.51
032 8Ao 57.54 03.96
033 5As 57.31 04.61
034 6As 57.26 04.36
035 4As 56.38 04.69
036 7Ao 56.36 04.30
037 44o 56.26 01.55
038 JQo 56.25 03.43
039 8Ks 56.08 03.96
040 TJs 55.67 03.64
041 9Ko 55.64 03.78
042 9Qs 55.62 03.79
043 3As 55.60 04.67
044 TQo 55.31 03.65
045 7Ks 55.13 04.30
046 5Ao 54.94 04.84
047 6Ao 54.91 04.58
048 2As 54.84 04.63
049 6Ks 53.98 04.58
050 4Ao 53.95 04.92
051 8Qs 53.85 04.10
052 8Ko 53.68 04.14
053 9Js 53.65 03.99
054 TJo 53.34 03.78
055 9Qo 53.25 03.95
056 5Ks 53.15 04.82
057 3Ao 53.08 04.91
058 33o 52.84 01.73
059 7Ko 52.68 04.49
060 2Ao 52.24 04.90
061 4Ks 52.20 04.89
062 9Ts 52.05 04.15
063 7Qs 51.96 04.45
064 8Js 51.87 04.28
065 6Ko 51.44 04.80
066 3Ks 51.39 04.88
067 8Qo 51.34 04.28
068 9Jo 51.16 04.14
069 6Qs 51.02 04.76
070 2Ks 50.58 04.85
071 5Ko 50.54 05.06
072 8Ts 50.21 04.49
073 5Qs 50.18 05.00
074 7Js 50.01 04.61
075 4Ko 49.51 05.15
076 9To 49.47 04.32
077 22o 49.41 01.91
078 7Qo 49.32 04.66
079 8Jo 49.25 04.46
080 4Qs 49.23 05.07
081 89s 48.63 04.71
082 3Ko 48.61 05.13
083 3Qs 48.41 05.05
084 7Ts 48.35 04.82
085 6Qo 48.29 04.98
086 6Js 48.03 04.94
087 2Ko 47.73 05.11
088 2Qs 47.56 05.02
089 8To 47.49 04.68
090 5Js 47.41 05.20
091 5Qo 47.39 05.25
092 7Jo 47.28 04.82
093 79s 46.78 05.07
094 4Js 46.45 05.27
095 6Ts 46.39 05.12
096 4Qo 46.36 05.33
097 89o 45.85 04.91
098 3Js 45.62 05.25
099 78s 45.57 05.29
100 7To 45.51 05.03
101 3Qo 45.46 05.32
102 6Jo 45.16 05.17
103 69s 44.85 05.36
104 2Js 44.79 05.23
105 5Ts 44.65 05.40
106 2Qo 44.56 05.30
107 5Jo 44.47 05.46
108 4Ts 43.91 05.49
109 79o 43.87 05.30
110 68s 43.58 05.64
111 4Jo 43.43 05.55
112 6To 43.42 05.37
113 59s 43.14 05.63
114 3Ts 43.08 05.46
115 67s 42.60 05.85
116 78o 42.58 05.54
117 3Jo 42.54 05.52
118 2Ts 42.24 05.44
119 58s 41.87 05.90
120 69o 41.78 05.62
121 2Jo 41.65 05.50
122 5To 41.54 05.67
123 49s 41.22 05.73
124 57s 40.93 06.15
125 4To 40.75 05.78
126 39s 40.61 05.73
127 68o 40.44 05.91
128 56s 40.16 06.32
129 48s 39.98 06.00
130 59o 39.94 05.91
131 3To 39.84 05.76
132 29s 39.78 05.70
133 67o 39.39 06.13
134 47s 39.06 06.25
135 2To 38.94 05.74
136 58o 38.63 06.19
137 45s 38.54 06.59
138 46s 38.30 06.46
139 38s 38.16 05.97
140 49o 37.89 06.03
141 57o 37.63 06.47
142 28s 37.58 05.97
143 37s 37.25 06.24
144 39o 37.23 06.04
145 56o 36.83 06.65
146 35s 36.76 06.61
147 48o 36.60 06.30
148 36s 36.51 06.45
149 29o 36.34 06.02
150 34s 35.74 06.58
151 47o 35.61 06.59
152 27s 35.40 06.21
153 45o 35.08 06.94
154 25s 34.93 06.61
155 46o 34.82 06.81
156 26s 34.68 06.43
157 38o 34.64 06.30
158 28o 33.99 06.31
159 24s 33.95 06.57
160 37o 33.67 06.58
161 35o 33.16 06.98
162 23s 33.12 06.54
163 36o 32.90 06.81
164 34o 32.08 06.95
165 27o 31.68 06.56
166 25o 31.21 06.97
167 26o 30.91 06.80
168 24o 30.14 06.95
169 23o 29.29 06.91