Rank Hole Wins% Ties%
001 AAo 73.28 00.61
002 KKo 68.62 00.62
003 QQo 64.66 00.67
004 JJo 60.87 00.74
005 TTo 57.24 00.82
006 99o 53.28 00.84
007 88o 49.60 00.88
008 KAs 49.18 02.70
009 QAs 47.81 02.90
010 KAo 46.61 02.79
011 JAs 46.51 03.15
012 77o 46.11 00.93
013 QKs 45.54 02.92
014 TAs 45.28 03.42
015 QAo 45.14 03.01
016 JKs 44.26 03.15
017 JAo 43.74 03.27
018 TKs 43.07 03.39
019 QKo 42.79 03.01
020 JQs 42.68 03.21
021 66o 42.64 00.96
022 9As 42.61 03.73
023 TAo 42.42 03.55
024 TQs 41.51 03.43
025 8As 41.44 04.05
026 JKo 41.41 03.26
027 9Ks 40.47 03.65
028 TJs 40.45 03.45
029 7As 40.20 04.34
030 TKo 40.14 03.52
031 JQo 39.79 03.32
032 55o 39.65 01.08
033 9Ao 39.57 03.89
034 5As 39.08 04.75
035 9Qs 38.95 03.65
036 6As 38.67 04.49
037 TQo 38.54 03.56
038 8Ao 38.28 04.24
039 8Ks 38.20 03.95
040 4As 38.15 04.76
041 9Js 37.89 03.68
042 TJo 37.48 03.57
043 3As 37.38 04.69
044 9Ko 37.34 03.79
045 9Ts 37.24 03.70
046 7Ks 37.17 04.25
047 7Ao 36.94 04.55
048 8Qs 36.75 03.90
049 2As 36.61 04.63
050 44o 36.36 01.11
051 6Ks 35.94 04.43
052 9Qo 35.80 03.79
053 8Js 35.72 03.89
054 5Ao 35.70 04.99
055 6Ao 35.30 04.70
056 5Ks 35.14 04.63
057 8Ts 35.08 03.91
058 8Ko 34.89 04.13
059 9Jo 34.71 03.81
060 4Ao 34.70 04.99
061 7Qs 34.56 04.16
062 89s 34.45 03.86
063 4Ks 34.27 04.62
064 9To 34.07 03.84
065 3Ao 33.84 04.93
066 7Ko 33.77 04.44
067 7Js 33.57 04.11
068 6Qs 33.56 04.36
069 3Ks 33.50 04.55
070 8Qo 33.42 04.06
071 33o 33.22 01.14
072 7Ts 32.98 04.09
073 2Ao 32.98 04.87
074 5Qs 32.80 04.54
075 2Ks 32.75 04.48
076 79s 32.48 04.04
077 6Ko 32.46 04.63
078 8Jo 32.38 04.05
079 78s 32.25 04.01
080 4Qs 31.96 04.52
081 8To 31.76 04.06
082 5Ko 31.59 04.85
083 6Js 31.37 04.27
084 3Qs 31.20 04.45
085 89o 31.13 04.01
086 7Qo 31.05 04.35
087 6Ts 30.81 04.21
088 5Js 30.80 04.48
089 4Ko 30.63 04.85
090 2Qs 30.44 04.37
091 69s 30.36 04.13
092 22o 30.27 01.19
093 68s 30.19 04.10
094 7Jo 30.09 04.29
095 67s 30.06 04.07
096 6Qo 29.98 04.56
097 4Js 29.98 04.45
098 3Ko 29.77 04.78
099 7To 29.49 04.26
100 3Js 29.27 04.37
101 5Qo 29.14 04.76
102 79o 29.01 04.20
103 5Ts 28.99 04.38
104 2Ko 28.94 04.70
105 78o 28.80 04.16
106 59s 28.56 04.28
107 57s 28.55 04.17
108 2Js 28.53 04.29
109 56s 28.49 04.09
110 58s 28.45 04.22
111 4Ts 28.38 04.40
112 4Qo 28.20 04.73
113 6Jo 27.70 04.45
114 3Ts 27.67 04.31
115 45s 27.51 04.11
116 3Qo 27.38 04.66
117 6To 27.15 04.39
118 5Jo 27.09 04.69
119 2Ts 26.93 04.24
120 46s 26.74 04.04
121 47s 26.73 04.12
122 69o 26.72 04.30
123 49s 26.70 04.25
124 68o 26.59 04.25
125 48s 26.59 04.17
126 2Qo 26.56 04.60
127 67o 26.46 04.22
128 4Jo 26.20 04.65
129 39s 26.17 04.21
130 35s 25.81 04.02
131 29s 25.47 04.13
132 3Jo 25.38 04.58
133 5To 25.20 04.59
134 34s 25.02 03.92
135 36s 24.96 03.95
136 37s 24.91 04.04
137 57o 24.86 04.34
138 56o 24.81 04.25
139 38s 24.79 04.11
140 59o 24.78 04.47
141 58o 24.72 04.40
142 2Jo 24.60 04.49
143 4To 24.54 04.60
144 28s 24.30 04.07
145 25s 24.04 03.93
146 45o 23.76 04.27
147 3To 23.72 04.52
148 24s 23.34 03.82
149 26s 23.19 03.87
150 27s 23.13 03.96
151 2To 22.95 04.43
152 46o 22.94 04.20
153 47o 22.87 04.29
154 49o 22.77 04.44
155 48o 22.70 04.36
156 23s 22.57 03.73
157 39o 22.19 04.41
158 35o 21.92 04.19
159 29o 21.42 04.33
160 34o 21.08 04.08
161 36o 21.01 04.12
162 37o 20.91 04.21
163 38o 20.76 04.29
164 28o 20.20 04.26
165 25o 20.01 04.11
166 24o 19.26 03.99
167 26o 19.06 04.04
168 27o 18.98 04.14
169 23o 18.45 03.89