Rank Hole Wins% Ties%
001 AAo 63.72 00.63
002 KKo 57.99 00.64
003 QQo 53.23 00.72
004 JJo 48.87 00.80
005 TTo 44.86 00.88
006 99o 40.82 00.85
007 KAs 40.03 02.65
008 QAs 38.37 02.90
009 88o 37.27 00.87
010 KAo 37.09 02.74
011 JAs 36.88 03.17
012 QKs 36.78 02.80
013 TAs 35.55 03.44
014 JKs 35.32 03.05
015 QAo 35.30 03.01
016 JQs 34.27 03.07
017 77o 34.05 00.88
018 TKs 34.04 03.30
019 QKo 33.72 02.90
020 JAo 33.68 03.30
021 TQs 33.03 03.29
022 9As 32.74 03.68
023 TJs 32.44 03.29
024 TAo 32.24 03.58
025 JKo 32.12 03.17
026 8As 31.58 03.98
027 9Ks 31.30 03.46
028 JQo 31.10 03.18
029 66o 30.99 00.85
030 TKo 30.74 03.42
031 7As 30.44 04.21
032 9Qs 30.32 03.41
033 9Js 29.78 03.41
034 TQo 29.76 03.41
035 5As 29.65 04.53
036 9Ts 29.55 03.43
037 TJo 29.23 03.41
038 9Ao 29.21 03.84
039 8Ks 29.03 03.69
040 6As 29.03 04.23
041 4As 28.90 04.48
042 55o 28.54 00.96
043 3As 28.27 04.38
044 8Qs 28.14 03.58
045 7Ks 28.09 03.95
046 8Ao 27.94 04.16
047 9Ko 27.77 03.60
048 2As 27.65 04.29
049 8Js 27.62 03.53
050 8Ts 27.44 03.54
051 89s 27.09 03.44
052 6Ks 26.96 04.02
053 9Qo 26.85 03.54
054 7Ao 26.69 04.40
055 9Jo 26.33 03.53
056 5Ks 26.31 04.22
057 9To 26.17 03.55
058 7Qs 26.04 03.76
059 44o 25.99 00.92
060 5Ao 25.81 04.74
061 4Ks 25.61 04.15
062 7Js 25.57 03.67
063 7Ts 25.40 03.64
064 8Ko 25.33 03.86
065 78s 25.28 03.48
066 79s 25.26 03.52
067 6Ao 25.15 04.43
068 6Qs 25.11 03.88
069 3Ks 25.00 04.05
070 4Ao 24.98 04.69
071 5Qs 24.49 04.05
072 8Qo 24.46 03.73
073 2Ks 24.42 03.96
074 7Ko 24.28 04.12
075 3Ao 24.27 04.59
076 8Jo 24.00 03.68
077 8To 23.88 03.68
078 4Qs 23.83 03.97
079 33o 23.70 00.89
080 89o 23.59 03.56
081 2Ao 23.59 04.49
082 6Js 23.49 03.72
083 68s 23.36 03.47
084 6Ts 23.34 03.65
085 67s 23.33 03.45
086 69s 23.24 03.51
087 3Qs 23.23 03.86
088 6Ko 23.06 04.21
089 5Js 23.02 03.94
090 2Qs 22.66 03.76
091 4Js 22.38 03.85
092 5Ko 22.35 04.41
093 7Qo 22.20 03.93
094 57s 22.11 03.51
095 56s 22.10 03.40
096 58s 21.82 03.56
097 3Js 21.81 03.73
098 7Jo 21.78 03.83
099 5Ts 21.72 03.81
100 22o 21.71 00.87
101 7To 21.69 03.79
102 78o 21.66 03.60
103 59s 21.62 03.63
104 79o 21.59 03.65
105 4Ko 21.58 04.35
106 45s 21.43 03.41
107 2Js 21.24 03.63
108 4Ts 21.22 03.77
109 6Qo 21.18 04.06
110 3Ko 20.88 04.24
111 3Ts 20.66 03.66
112 46s 20.59 03.29
113 5Qo 20.50 04.23
114 47s 20.49 03.40
115 2Ko 20.23 04.14
116 48s 20.14 03.46
117 2Ts 20.11 03.55
118 49s 19.98 03.56
119 35s 19.98 03.27
120 4Qo 19.76 04.15
121 68o 19.57 03.59
122 67o 19.57 03.57
123 6Jo 19.54 03.88
124 39s 19.54 03.50
125 6To 19.46 03.80
126 69o 19.41 03.65
127 34s 19.29 03.13
128 3Qo 19.10 04.04
129 29s 19.03 03.38
130 5Jo 19.01 04.11
131 36s 19.01 03.16
132 37s 18.87 03.27
133 38s 18.55 03.35
134 2Qo 18.45 03.93
135 25s 18.43 03.14
136 4Jo 18.30 04.03
137 57o 18.28 03.65
138 56o 18.28 03.53
139 28s 18.17 03.30
140 58o 17.91 03.71
141 24s 17.88 03.00
142 5To 17.69 03.98
143 3Jo 17.65 03.91
144 59o 17.64 03.79
145 45o 17.55 03.54
146 26s 17.46 03.02
147 27s 17.33 03.17
148 23s 17.25 02.85
149 4To 17.13 03.95
150 2Jo 17.04 03.79
151 46o 16.64 03.41
152 3To 16.49 03.82
153 47o 16.48 03.54
154 48o 16.10 03.61
155 35o 15.97 03.41
156 2To 15.90 03.71
157 49o 15.86 03.72
158 39o 15.37 03.65
159 34o 15.24 03.24
160 36o 14.93 03.28
161 29o 14.78 03.53
162 37o 14.73 03.41
163 38o 14.38 03.50
164 25o 14.29 03.27
165 28o 13.92 03.44
166 24o 13.70 03.11
167 26o 13.22 03.15
168 27o 13.06 03.31
169 23o 13.03 02.96