Rank Hole Wins% Ties%
001 AAo 55.78 00.65
002 KKo 49.53 00.65
003 QQo 44.43 00.75
004 JJo 39.94 00.84
005 TTo 35.96 00.94
006 KAs 34.08 02.61
007 QAs 32.27 02.89
008 99o 32.26 00.86
009 QKs 31.12 02.73
010 KAo 30.95 02.70
011 JAs 30.72 03.17
012 JKs 29.60 02.99
013 TAs 29.41 03.44
014 88o 29.15 00.87
015 QAo 28.98 03.00
016 JQs 28.80 03.00
017 TKs 28.33 03.23
018 QKo 27.87 02.82
019 TQs 27.58 03.21
020 JAo 27.28 03.30
021 TJs 27.20 03.23
022 9As 26.66 03.59
023 77o 26.44 00.87
024 JKo 26.21 03.10
025 TAo 25.83 03.58
026 9Ks 25.63 03.30
027 8As 25.58 03.86
028 JQo 25.48 03.10
029 9Qs 24.94 03.24
030 TKo 24.83 03.35
031 9Js 24.61 03.24
032 7As 24.57 04.06
033 9Ts 24.55 03.28
034 TQo 24.14 03.32
035 5As 24.08 04.33
036 66o 23.95 00.79
037 TJo 23.86 03.34
038 8Ks 23.53 03.49
039 4As 23.49 04.25
040 6As 23.33 04.00
041 3As 23.00 04.12
042 8Qs 22.88 03.36
043 9Ao 22.87 03.76
044 7Ks 22.67 03.71
045 8Js 22.59 03.32
046 8Ts 22.57 03.35
047 2As 22.55 04.02
048 89s 22.33 03.20
049 55o 22.10 00.91
050 9Ko 21.90 03.44
051 6Ks 21.69 03.72
052 8Ao 21.68 04.04
053 9Qo 21.28 03.37
054 5Ks 21.18 03.93
055 9To 21.05 03.41
056 9Jo 21.03 03.36
057 7Qs 20.98 03.51
058 78s 20.80 03.19
059 7Ts 20.71 03.41
060 7Js 20.70 03.42
061 79s 20.70 03.25
062 4Ks 20.63 03.83
063 7Ao 20.55 04.25
064 44o 20.31 00.83
065 3Ks 20.16 03.70
066 6Qs 20.13 03.56
067 5Ao 19.99 04.53
068 2Ks 19.74 03.57
069 5Qs 19.66 03.74
070 8Ko 19.60 03.65
071 4Ao 19.34 04.44
072 6Ao 19.21 04.17
073 4Qs 19.16 03.63
074 68s 19.06 03.12
075 67s 19.06 03.11
076 8Qo 19.03 03.50
077 8To 18.91 03.49
078 69s 18.86 03.17
079 8Jo 18.83 03.47
080 6Ts 18.83 03.35
081 6Js 18.82 03.41
082 33o 18.80 00.76
083 3Ao 18.78 04.31
084 89o 18.71 03.32
085 3Qs 18.71 03.49
086 7Ko 18.64 03.88
087 5Js 18.45 03.64
088 2Qs 18.29 03.37
089 2Ao 18.28 04.19
090 57s 18.16 03.16
091 56s 18.16 03.01
092 4Js 17.95 03.52
093 45s 17.77 03.02
094 58s 17.76 03.23
095 22o 17.59 00.70
096 6Ko 17.58 03.89
097 3Js 17.54 03.38
098 59s 17.44 03.31
099 5Ts 17.43 03.53
100 2Js 17.13 03.25
101 78o 17.10 03.31
102 5Ko 17.01 04.11
103 4Ts 17.01 03.47
104 7Qo 16.96 03.67
105 79o 16.93 03.37
106 7To 16.88 03.56
107 46s 16.88 02.85
108 7Jo 16.78 03.57
109 47s 16.73 03.01
110 3Ts 16.60 03.32
111 35s 16.55 02.86
112 4Ko 16.40 04.01
113 48s 16.28 03.09
114 2Ts 16.20 03.19
115 6Qo 16.04 03.72
116 49s 16.02 03.21
117 34s 15.97 02.69
118 3Ko 15.88 03.86
119 39s 15.67 03.12
120 5Qo 15.50 03.91
121 36s 15.49 02.70
122 2Ko 15.40 03.74
123 37s 15.32 02.86
124 29s 15.31 02.98
125 67o 15.23 03.22
126 25s 15.21 02.71
127 68o 15.20 03.24
128 69o 14.93 03.29
129 4Qo 14.93 03.80
130 38s 14.92 02.97
131 6To 14.83 03.50
132 24s 14.80 02.53
133 6Jo 14.73 03.56
134 28s 14.63 02.89
135 3Qo 14.43 03.65
136 5Jo 14.31 03.81
137 23s 14.30 02.35
138 56o 14.28 03.12
139 57o 14.26 03.29
140 26s 14.16 02.54
141 27s 13.99 02.75
142 2Qo 13.95 03.52
143 45o 13.87 03.14
144 58o 13.78 03.36
145 4Jo 13.76 03.69
146 59o 13.38 03.45
147 5To 13.30 03.70
148 3Jo 13.27 03.53
149 46o 12.89 02.97
150 4To 12.84 03.64
151 2Jo 12.83 03.39
152 47o 12.69 03.15
153 35o 12.53 02.98
154 3To 12.36 03.48
155 48o 12.18 03.23
156 34o 11.92 02.79
157 2To 11.92 03.34
158 49o 11.82 03.36
159 39o 11.43 03.26
160 36o 11.39 02.80
161 37o 11.15 02.99
162 25o 11.07 02.82
163 29o 11.01 03.11
164 38o 10.69 03.11
165 24o 10.64 02.63
166 28o 10.35 03.02
167 23o 10.10 02.44
168 26o 09.93 02.65
169 27o 09.72 02.87