Rank Hole Wins% Ties%
001 AAo 49.10 00.67
002 KKo 42.70 00.66
003 QQo 37.59 00.77
004 JJo 33.22 00.88
005 KAs 29.77 02.60
006 TTo 29.52 00.99
007 QAs 27.91 02.90
008 QKs 26.97 02.71
009 KAo 26.51 02.70
010 JAs 26.38 03.18
011 99o 26.30 00.87
012 JKs 25.49 02.96
013 TAs 25.12 03.44
014 JQs 24.82 02.96
015 QAo 24.47 03.01
016 TKs 24.29 03.20
017 88o 23.70 00.87
018 TQs 23.68 03.18
019 QKo 23.62 02.80
020 TJs 23.40 03.22
021 JAo 22.78 03.31
022 9As 22.53 03.53
023 JKo 21.98 03.07
024 9Ks 21.73 03.20
025 8As 21.53 03.78
026 77o 21.52 00.87
027 JQo 21.41 03.08
028 TAo 21.38 03.59
029 9Qs 21.17 03.14
030 9Ts 20.98 03.21
031 9Js 20.95 03.15
032 TKo 20.65 03.32
033 7As 20.65 03.95
034 5As 20.39 04.20
035 TQo 20.13 03.30
036 TJo 19.97 03.33
037 4As 19.92 04.10
038 8Ks 19.80 03.36
039 6As 19.59 03.81
040 66o 19.56 00.75
041 3As 19.56 03.95
042 8Qs 19.29 03.24
043 2As 19.24 03.82
044 8Ts 19.18 03.25
045 8Js 19.10 03.21
046 7Ks 19.03 03.56
047 89s 18.99 03.04
048 9Ao 18.56 03.69
049 55o 18.21 00.89
050 6Ks 18.19 03.51
051 9Ko 17.86 03.33
052 5Ks 17.80 03.75
053 78s 17.73 03.00
054 7Qs 17.58 03.36
055 79s 17.57 03.07
056 7Ts 17.49 03.28
057 8Ao 17.47 03.95
058 9To 17.41 03.34
059 9Qo 17.40 03.27
060 7Js 17.39 03.27
061 4Ks 17.38 03.62
062 9Jo 17.28 03.28
063 3Ks 17.03 03.47
064 44o 17.01 00.78
065 6Qs 16.82 03.35
066 2Ks 16.72 03.33
067 7Ao 16.48 04.14
068 5Qs 16.46 03.55
069 68s 16.19 02.89
070 67s 16.18 02.88
071 5Ao 16.16 04.39
072 4Qs 16.08 03.42
073 33o 16.06 00.68
074 69s 15.92 02.94
075 6Ts 15.79 03.17
076 8Ko 15.76 03.51
077 3Qs 15.75 03.27
078 6Js 15.72 03.22
079 4Ao 15.65 04.28
080 56s 15.57 02.74
081 57s 15.54 02.94
082 2Qs 15.46 03.13
083 8To 15.44 03.39
084 5Js 15.41 03.47
085 45s 15.40 02.79
086 22o 15.39 00.59
087 8Qo 15.33 03.37
088 89o 15.32 03.16
089 6Ao 15.32 03.98
090 8Jo 15.26 03.35
091 3Ao 15.23 04.12
092 58s 15.07 03.01
093 4Js 15.05 03.33
094 7Ko 14.89 03.72
095 2Ao 14.87 03.98
096 3Js 14.75 03.16
097 59s 14.66 03.10
098 5Ts 14.57 03.38
099 46s 14.47 02.57
100 2Js 14.46 03.02
101 35s 14.37 02.61
102 47s 14.29 02.77
103 4Ts 14.24 03.30
104 78o 13.99 03.12
105 6Ko 13.96 03.67
106 3Ts 13.94 03.13
107 34s 13.87 02.42
108 79o 13.76 03.20
109 48s 13.76 02.86
110 2Ts 13.67 02.98
111 7To 13.60 03.43
112 5Ko 13.52 03.92
113 7Qo 13.46 03.52
114 49s 13.42 02.99
115 7Jo 13.39 03.43
116 36s 13.25 02.39
117 25s 13.19 02.44
118 39s 13.15 02.88
119 4Ko 13.05 03.79
120 37s 13.03 02.60
121 29s 12.90 02.73
122 24s 12.87 02.25
123 3Ko 12.66 03.62
124 6Qo 12.64 03.50
125 38s 12.57 02.73
126 23s 12.47 02.06
127 28s 12.36 02.63
128 67o 12.34 02.98
129 2Ko 12.32 03.48
130 68o 12.30 03.00
131 5Qo 12.23 03.73
132 26s 12.08 02.23
133 69o 11.96 03.06
134 27s 11.88 02.49
135 4Qo 11.79 03.58
136 6To 11.75 03.32
137 56o 11.70 02.84
138 57o 11.65 03.06
139 6Jo 11.56 03.37
140 45o 11.53 02.90
141 3Qo 11.41 03.42
142 5Jo 11.22 03.64
143 58o 11.09 03.14
144 2Qo 11.09 03.26
145 4Jo 10.81 03.49
146 59o 10.59 03.25
147 46o 10.50 02.67
148 3Jo 10.45 03.31
149 5To 10.41 03.56
150 35o 10.39 02.72
151 47o 10.26 02.89
152 2Jo 10.13 03.16
153 4To 10.03 03.47
154 34o 09.87 02.51
155 3To 09.69 03.28
156 48o 09.66 02.99
157 2To 09.39 03.13
158 49o 09.22 03.14
159 36o 09.18 02.49
160 25o 09.11 02.55
161 39o 08.92 03.02
162 37o 08.89 02.72
163 24o 08.79 02.34
164 29o 08.63 02.85
165 38o 08.37 02.86
166 23o 08.34 02.13
167 28o 08.11 02.75
168 26o 07.90 02.32
169 27o 07.66 02.61