Rank Hole Wins% Ties%
001 AAo 43.45 00.68
002 KKo 37.17 00.66
003 QQo 32.22 00.79
004 JJo 28.14 00.91
005 KAs 26.39 02.62
006 TTo 24.79 01.04
007 QAs 24.55 02.92
008 QKs 23.74 02.70
009 JAs 23.09 03.20
010 KAo 23.05 02.72
011 JKs 22.34 02.96
012 99o 22.08 00.88
013 TAs 21.92 03.46
014 JQs 21.76 02.96
015 TKs 21.23 03.20
016 QAo 21.01 03.04
017 TQs 20.70 03.18
018 TJs 20.50 03.22
019 QKo 20.31 02.80
020 88o 19.97 00.88
021 9As 19.51 03.49
022 JAo 19.38 03.33
023 9Ks 18.84 03.13
024 JKo 18.73 03.07
025 8As 18.60 03.72
026 9Qs 18.37 03.08
027 9Ts 18.32 03.17
028 JQo 18.27 03.08
029 77o 18.25 00.88
030 9Js 18.22 03.10
031 TAo 18.06 03.60
032 7As 17.83 03.88
033 5As 17.73 04.11
034 TKo 17.49 03.32
035 4As 17.38 03.99
036 3As 17.11 03.82
037 8Ks 17.09 03.28
038 TQo 17.08 03.30
039 TJo 17.01 03.35
040 6As 16.93 03.68
041 2As 16.88 03.69
042 66o 16.73 00.71
043 8Ts 16.68 03.19
044 8Qs 16.65 03.16
045 89s 16.56 02.94
046 8Js 16.54 03.14
047 7Ks 16.40 03.46
048 55o 15.74 00.89
049 6Ks 15.69 03.36
050 78s 15.53 02.88
051 9Ao 15.43 03.66
052 5Ks 15.38 03.61
053 79s 15.32 02.95
054 7Ts 15.16 03.21
055 7Qs 15.11 03.27
056 4Ks 15.05 03.48
057 7Js 15.00 03.19
058 44o 14.98 00.75
059 9Ko 14.87 03.27
060 3Ks 14.81 03.31
061 9To 14.71 03.30
062 2Ks 14.59 03.16
063 9Qo 14.52 03.21
064 9Jo 14.50 03.24
065 6Qs 14.46 03.21
066 8Ao 14.42 03.89
067 33o 14.41 00.62
068 5Qs 14.19 03.44
069 68s 14.15 02.72
070 67s 14.15 02.72
071 22o 14.06 00.52
072 4Qs 13.90 03.29
073 69s 13.83 02.77
074 56s 13.76 02.56
075 45s 13.76 02.66
076 57s 13.72 02.79
077 3Qs 13.66 03.11
078 6Ts 13.63 03.05
079 7Ao 13.56 04.06
080 6Js 13.50 03.09
081 2Qs 13.46 02.96
082 5Ao 13.43 04.30
083 5Js 13.26 03.36
084 58s 13.18 02.87
085 4Ao 13.03 04.16
086 4Js 12.99 03.21
087 8Ko 12.96 03.43
088 8To 12.92 03.33
089 89o 12.87 03.06
090 35s 12.84 02.47
091 46s 12.80 02.38
092 3Js 12.77 03.03
093 3Ao 12.73 03.98
094 59s 12.70 02.97
095 8Jo 12.65 03.28
096 8Qo 12.63 03.29
097 47s 12.59 02.61
098 6Ao 12.58 03.84
099 2Js 12.57 02.88
100 5Ts 12.54 03.31
101 2Ao 12.47 03.83
102 34s 12.41 02.26
103 4Ts 12.28 03.19
104 7Ko 12.19 03.62
105 3Ts 12.07 03.01
106 48s 12.00 02.70
107 2Ts 11.89 02.85
108 78o 11.80 03.00
109 25s 11.78 02.29
110 36s 11.69 02.19
111 49s 11.60 02.85
112 24s 11.53 02.09
113 79o 11.50 03.08
114 37s 11.44 02.44
115 6Ko 11.39 03.51
116 39s 11.39 02.72
117 7To 11.25 03.36
118 29s 11.23 02.56
119 23s 11.19 01.88
120 5Ko 11.05 03.79
121 7Qo 10.96 03.43
122 7Jo 10.96 03.34
123 38s 10.94 02.58
124 28s 10.78 02.47
125 4Ko 10.69 03.64
126 26s 10.64 02.01
127 27s 10.42 02.33
128 3Ko 10.40 03.46
129 67o 10.34 02.82
130 68o 10.29 02.83
131 6Qo 10.23 03.35
132 2Ko 10.16 03.30
133 45o 09.95 02.76
134 56o 09.93 02.66
135 5Qo 09.92 03.61
136 69o 09.89 02.89
137 57o 09.87 02.92
138 4Qo 09.59 03.45
139 6To 09.58 03.20
140 6Jo 09.33 03.24
141 3Qo 09.32 03.26
142 58o 09.23 03.00
143 2Qo 09.09 03.10
144 5Jo 09.06 03.54
145 35o 08.95 02.57
146 46o 08.89 02.48
147 4Jo 08.74 03.37
148 59o 08.65 03.11
149 47o 08.62 02.73
150 3Jo 08.49 03.18
151 34o 08.49 02.35
152 5To 08.39 03.49
153 2Jo 08.27 03.01
154 4To 08.09 03.36
155 48o 07.95 02.83
156 3To 07.85 03.17
157 25o 07.80 02.39
158 36o 07.70 02.28
159 2To 07.65 03.00
160 24o 07.55 02.17
161 49o 07.45 03.00
162 37o 07.38 02.55
163 39o 07.21 02.85
164 23o 07.18 01.96
165 29o 07.02 02.69
166 38o 06.80 02.71
167 28o 06.61 02.58
168 26o 06.56 02.10
169 27o 06.29 02.44