Rank Hole Wins% Ties%
001 AAo 38.64 00.68
002 KKo 32.64 00.66
003 QQo 27.97 00.80
004 JJo 24.26 00.94
005 KAs 03.62 02.66
006 QAs 01.86 02.95
007 TTo 01.29 01.08
008 QKs 01.12 02.72
009 JAs 00.49 03.22
010 KAo 00.21 02.75
011 JKs 09.82 02.97
012 TAs 09.41 03.48
013 JQs 09.30 02.98
014 99o 09.06 00.90
015 TKs 08.82 03.21
016 TQs 08.37 03.20
017 TJs 08.23 03.25
018 QAo 08.23 03.06
019 QKo 07.62 02.81
020 88o 07.36 00.89
021 9As 07.18 03.46
022 JAo 06.69 03.35
023 9Ks 06.60 03.09
024 8As 06.36 03.67
025 9Ts 06.29 03.16
026 9Qs 06.20 03.05
027 JKo 06.16 03.08
028 9Js 06.12 03.08
029 77o 06.03 00.89
030 JQo 05.77 03.09
031 5As 05.72 04.04
032 7As 05.69 03.81
033 TAo 05.47 03.62
034 4As 05.45 03.89
035 3As 05.26 03.71
036 2As 05.10 03.57
037 TKo 05.02 03.33
038 8Ks 05.02 03.23
039 6As 04.94 03.55
040 66o 04.82 00.69
041 8Ts 04.80 03.16
042 89s 04.73 02.87
043 TJo 04.71 03.37
044 TQo 04.70 03.32
045 8Qs 04.64 03.10
046 8Js 04.59 03.10
047 7Ks 04.41 03.38
048 55o 04.09 00.89
049 78s 03.90 02.80
050 6Ks 03.81 03.24
051 79s 03.64 02.88
052 44o 03.62 00.74
053 5Ks 03.56 03.52
054 7Ts 03.41 03.17
055 4Ks 03.31 03.37
056 33o 03.31 00.59
057 7Qs 03.26 03.21
058 7Js 03.19 03.14
059 22o 03.15 00.47
060 3Ks 03.13 03.19
061 9Ao 03.03 03.63
062 2Ks 02.98 03.03
063 6Qs 02.69 03.09
064 9To 02.67 03.29
065 68s 02.65 02.61
066 67s 02.64 02.62
067 9Ko 02.57 03.23
068 45s 02.52 02.59
069 5Qs 02.48 03.35
070 56s 02.41 02.45
071 9Jo 02.37 03.21
072 57s 02.36 02.71
073 9Qo 02.31 03.18
074 69s 02.29 02.65
075 4Qs 02.27 03.19
076 8Ao 02.11 03.84
077 3Qs 02.10 03.00
078 6Ts 02.02 02.97
079 2Qs 01.97 02.85
080 6Js 01.85 03.00
081 58s 01.78 02.78
082 35s 01.69 02.40
083 5Js 01.65 03.30
084 46s 01.55 02.25
085 4Js 01.45 03.12
086 5Ao 01.37 04.22
087 7Ao 01.36 03.99
088 47s 01.32 02.51
089 3Js 01.30 02.94
090 34s 01.30 02.18
091 59s 01.26 02.88
092 2Js 01.17 02.78
093 4Ao 01.07 04.06
094 89o 01.05 02.99
095 8To 01.03 03.31
096 5Ts 01.03 03.26
097 3Ao 00.85 03.86
098 8Ko 00.84 03.38
099 4Ts 00.82 03.13
100 25s 00.71 02.22
101 48s 00.70 02.60
102 8Jo 00.69 03.24
103 3Ts 00.67 02.94
104 2Ao 00.67 03.71
105 8Qo 00.59 03.25
106 2Ts 00.56 02.78
107 6Ao 00.54 03.70
108 36s 00.54 02.06
109 24s 00.52 02.01
110 37s 00.27 02.34
111 49s 00.26 02.76
112 23s 00.22 01.80
113 78o 00.20 02.92
114 7Ko 00.16 03.54
115 39s 00.10 02.62
116 29s 09.99 02.45
117 79o 09.85 03.00
118 38s 09.73 02.48
119 28s 09.61 02.36
120 26s 09.57 01.88
121 7To 09.51 03.33
122 6Ko 09.49 03.38
123 27s 09.34 02.24
124 5Ko 09.21 03.69
125 7Jo 09.15 03.29
126 7Qo 09.09 03.37
127 4Ko 08.93 03.52
128 67o 08.88 02.72
129 68o 08.84 02.71
130 45o 08.80 02.70
131 3Ko 08.72 03.33
132 56o 08.66 02.55
133 57o 08.58 02.83
134 2Ko 08.56 03.16
135 6Qo 08.46 03.24
136 69o 08.38 02.77
137 5Qo 08.22 03.52
138 6To 07.99 03.12
139 4Qo 07.97 03.34
140 35o 07.91 02.49
141 58o 07.89 02.92
142 3Qo 07.78 03.15
143 46o 07.73 02.35
144 6Jo 07.69 03.16
145 2Qo 07.62 02.98
146 34o 07.50 02.26
147 5Jo 07.47 03.47
148 47o 07.44 02.64
149 59o 07.26 03.03
150 4Jo 07.23 03.28
151 3Jo 07.06 03.08
152 5To 06.92 03.45
153 2Jo 06.91 02.91
154 25o 06.85 02.31
155 48o 06.72 02.74
156 4To 06.68 03.30
157 24o 06.66 02.09
158 36o 06.64 02.15
159 3To 06.51 03.09
160 2To 06.38 02.92
161 23o 06.33 01.86
162 37o 06.31 02.45
163 49o 06.17 02.91
164 39o 05.99 02.75
165 29o 05.86 02.57
166 38o 05.68 02.61
167 26o 05.61 01.96
168 28o 05.54 02.48
169 27o 05.31 02.35